  29493.0000000              0.0000180             -0.0000030        rc  1.859223E-05  1.813219E-05 -2.903660E-06 -2.830996E-06
   4417.1010000              0.0001410             -0.0000220        rc  1.421703E-04  1.409246E-04 -2.224004E-05 -2.204770E-05
   1005.2230000              0.0007390             -0.0001150        rc  7.431161E-04  7.400585E-04 -1.160251E-04 -1.155232E-04
    284.7009000              0.0031070             -0.0004870        rc  3.115451E-03  3.109258E-03 -4.886334E-04 -4.876775E-04
     92.8654300              0.0111350             -0.0017460        rc  1.115159E-02  1.114058E-02 -1.748997E-03 -1.747029E-03
     33.5117900              0.0346700             -0.0055200        rc  3.469895E-02  3.468343E-02 -5.525575E-03 -5.523047E-03
     13.0418000              0.0921710             -0.0149280        rc  9.220837E-02  9.219338E-02 -1.493556E-02 -1.493171E-02
      5.3575360              0.1995760             -0.0342060        rc  1.996019E-01  1.995963E-01 -3.421726E-02 -3.421563E-02
      2.2793380              0.3288360             -0.0621550        rc  3.288218E-01  3.288285E-01 -6.215420E-02 -6.215024E-02
      0.9939900              0.3459750             -0.0959020        rc  3.459102E-01  3.459254E-01 -9.591468E-02 -9.591422E-02
      0.4334710              1.0000000        
      0.0955660              1.0000000        
      0.0446570              1.0000000        
      0.0206330              1.0000000        
  54620.0000000              0.0000180             -0.0000030        
   8180.0000000              0.0001380             -0.0000250        
   1862.0000000              0.0007230             -0.0001310        
    527.3000000              0.0030390             -0.0005580        
    172.0000000              0.0109080             -0.0019880        
     62.1000000              0.0340350             -0.0063700        
     24.2100000              0.0911930             -0.0172170        
      9.9930000              0.1992680             -0.0408580        
      4.3050000              0.3293550             -0.0742370        
      1.9210000              0.3404890             -0.1192340        
      0.8663000              1.0000000        
      0.2475000              1.0000000        
      0.1009000              1.0000000        
      0.0412900              1.0000000        
  68260.0000000              0.0000240             -0.0000050        rc  2.539047E-05  2.385701E-05 -5.124866E-06 -4.813696E-06
  10230.0000000              0.0001850             -0.0000370        rc  1.894500E-04  1.853066E-04 -3.835304E-05 -3.750709E-05
   2328.0000000              0.0009700             -0.0001960        rc  9.823288E-04  9.721932E-04 -1.981734E-04 -1.960679E-04
    660.4000000              0.0040560             -0.0008240        rc  4.083919E-03  4.063559E-03 -8.303218E-04 -8.260061E-04
    216.2000000              0.0143990             -0.0029230        rc  1.445509E-02  1.441942E-02 -2.936037E-03 -2.928009E-03
     78.6000000              0.0439010             -0.0091380        rc  4.399505E-02  4.394580E-02 -9.163166E-03 -9.151037E-03
     30.9800000              0.1130570             -0.0241050        rc  1.131724E-01  1.131255E-01 -2.414377E-02 -2.412853E-02
     12.9600000              0.2338250             -0.0547550        rc  2.338910E-01  2.338732E-01 -5.480211E-02 -5.478815E-02
      5.6590000              0.3539600             -0.0969430        rc  3.538715E-01  3.538976E-01 -9.696097E-02 -9.694717E-02
      2.5560000              0.3015470             -0.1374850        rc  3.013303E-01  3.013780E-01 -1.374478E-01 -1.374406E-01
      1.1750000              1.0000000        
      0.4249000              1.0000000        
      0.1712000              1.0000000        
      0.0691300              1.0000000        
  96770.0000000              0.0000250             -0.0000050        rc  2.688155E-05  2.462074E-05 -5.728794E-06 -5.244553E-06
  14500.0000000              0.0001900             -0.0000410        rc  1.973232E-04  1.912150E-04 -4.215738E-05 -4.083913E-05
   3300.0000000              0.0010000             -0.0002130        rc  1.017905E-03  1.002964E-03 -2.168815E-04 -2.136040E-04
    935.8000000              0.0041830             -0.0008970        rc  4.224915E-03  4.194871E-03 -9.065044E-04 -8.997479E-04
    306.2000000              0.0148590             -0.0031870        rc  1.494305E-02  1.489033E-02 -3.208504E-03 -3.195932E-03
    111.3000000              0.0453010             -0.0099610        rc  4.544134E-02  4.536821E-02 -1.000186E-02 -9.982549E-03
     43.9000000              0.1165040             -0.0263750        rc  1.166756E-01  1.166051E-01 -2.643863E-02 -2.641410E-02
     18.4000000              0.2402490             -0.0600010        rc  2.403432E-01  2.403157E-01 -6.007831E-02 -6.005467E-02
      8.0540000              0.3587990             -0.1068250        rc  3.586541E-01  3.586951E-01 -1.068591E-01 -1.068375E-01
      3.6370000              0.2939410             -0.1441660        rc  2.936191E-01  2.936897E-01 -1.440781E-01 -1.440687E-01
      1.6560000              1.0000000        
      0.6333000              1.0000000        
      0.2545000              1.0000000        
      0.1019000              1.0000000        
 129200.0000000              0.0000250             -0.0000060        rc  2.860732E-05  2.545727E-05 -6.309560E-06 -5.611435E-06
  19350.0000000              0.0001970             -0.0000430        rc  2.061910E-04  1.976814E-04 -4.556986E-05 -4.366803E-05
   4404.0000000              0.0010320             -0.0002270        rc  1.057862E-03  1.037052E-03 -2.333394E-04 -2.286132E-04
   1248.0000000              0.0043250             -0.0009580        rc  4.382754E-03  4.340876E-03 -9.727267E-04 -9.629483E-04
    408.0000000              0.0153800             -0.0034160        rc  1.549773E-02  1.542421E-02 -3.447737E-03 -3.429529E-03
    148.2000000              0.0468670             -0.0106670        rc  4.706337E-02  4.696126E-02 -1.072783E-02 -1.069960E-02
     58.5000000              0.1201160             -0.0282790        rc  1.203544E-01  1.202557E-01 -2.837437E-02 -2.833831E-02
     24.5900000              0.2456950             -0.0640200        rc  2.458191E-01  2.457812E-01 -6.413407E-02 -6.409849E-02
     10.8100000              0.3613790             -0.1139320        rc  3.611620E-01  3.612223E-01 -1.139829E-01 -1.139524E-01
      4.8820000              0.2872830             -0.1469950        rc  2.868360E-01  2.869336E-01 -1.468320E-01 -1.468212E-01
      2.1950000              1.0000000        
      0.8715000              1.0000000        
      0.3504000              1.0000000        
      0.1397000              1.0000000        
 164200.0000000              0.0000260             -0.0000060        rc  3.076072E-05  2.653170E-05 -6.989202E-06 -6.023842E-06
  24590.0000000              0.0002050             -0.0000460        rc  2.175350E-04  2.061127E-04 -4.950805E-05 -4.687703E-05
   5592.0000000              0.0010760             -0.0002440        rc  1.110334E-03  1.082387E-03 -2.523774E-04 -2.458354E-04
   1582.0000000              0.0045220             -0.0010310        rc  4.599971E-03  4.543682E-03 -1.051316E-03 -1.037736E-03
    516.1000000              0.0161080             -0.0036880        rc  1.626628E-02  1.616750E-02 -3.732194E-03 -3.706893E-03
    187.2000000              0.0490850             -0.0115140        rc  4.934877E-02  4.921205E-02 -1.159924E-02 -1.155982E-02
     73.9300000              0.1248570             -0.0304350        rc  1.251726E-01  1.250417E-01 -3.057019E-02 -3.051990E-02
     31.2200000              0.2516860             -0.0681470        rc  2.518374E-01  2.517899E-01 -6.830501E-02 -6.825498E-02
     13.8100000              0.3624200             -0.1203680        rc  3.621094E-01  3.621940E-01 -1.204370E-01 -1.203964E-01
      6.2560000              0.2790510             -0.1482600        rc  2.784620E-01  2.785897E-01 -1.479889E-01 -1.479772E-01
      2.7760000              1.0000000        
      1.1380000              1.0000000        
      0.4600000              1.0000000        
      0.1829000              1.0000000        
 211400.0000000              0.0000260             -0.0000060        rc  3.144906E-05  2.613141E-05 -7.294118E-06 -6.055217E-06
  31660.0000000              0.0002010             -0.0000470        rc  2.173743E-04  2.030105E-04 -5.049751E-05 -4.712008E-05
   7202.0000000              0.0010560             -0.0002440        rc  1.099504E-03  1.064375E-03 -2.551291E-04 -2.467346E-04
   2040.0000000              0.0044320             -0.0010310        rc  4.530515E-03  4.459760E-03 -1.056922E-03 -1.039488E-03
    666.4000000              0.0157660             -0.0036830        rc  1.596503E-02  1.584053E-02 -3.739662E-03 -3.707104E-03
    242.0000000              0.0481120             -0.0115130        rc  4.844459E-02  4.827067E-02 -1.162267E-02 -1.157147E-02
     95.5300000              0.1232320             -0.0306630        rc  1.236372E-01  1.234667E-01 -3.084043E-02 -3.077397E-02
     40.2300000              0.2515190             -0.0695720        rc  2.517206E-01  2.516551E-01 -6.978354E-02 -6.971616E-02
     17.7200000              0.3645250             -0.1239920        rc  3.641282E-01  3.642363E-01 -1.240862E-01 -1.240330E-01
      8.0050000              0.2797660             -0.1502140        rc  2.790114E-01  2.791756E-01 -1.498416E-01 -1.498287E-01
      3.5380000              1.0000000        
      1.4580000              1.0000000        
      0.5887000              1.0000000        
      0.2324000              1.0000000        
 262700.0000000              0.0000260             -0.0000060        rc  3.263886E-05  2.606925E-05 -7.686587E-06 -6.132782E-06
  39350.0000000              0.0002000             -0.0000470        rc  2.200569E-04  2.023212E-04 -5.189598E-05 -4.766176E-05
   8955.0000000              0.0010500             -0.0002470        rc  1.103704E-03  1.060338E-03 -2.600989E-04 -2.495768E-04
   2538.0000000              0.0044000             -0.0010380        rc  4.520803E-03  4.433492E-03 -1.070567E-03 -1.048710E-03
    829.9000000              0.0156490             -0.0037110        rc  1.589449E-02  1.574065E-02 -3.782133E-03 -3.741261E-03
    301.5000000              0.0477580             -0.0115930        rc  4.816996E-02  4.795383E-02 -1.173127E-02 -1.166658E-02
    119.0000000              0.1229430             -0.0310860        rc  1.234486E-01  1.232339E-01 -3.131259E-02 -3.122773E-02
     50.0000000              0.2524830             -0.0709720        rc  2.527367E-01  2.526518E-01 -7.124404E-02 -7.115682E-02
     21.9800000              0.3663140             -0.1272660        rc  3.658116E-01  3.659478E-01 -1.273873E-01 -1.273204E-01
      9.8910000              0.2796170             -0.1512310        rc  2.786756E-01  2.788804E-01 -1.507242E-01 -1.507102E-01
      4.3270000              1.0000000        
      1.8040000              1.0000000        
      0.7288000              1.0000000        
      0.2867000              1.0000000        
